%% Setting Daily Consumption Distributions for each Month
% this module shows hourly energy consumption change rates for florida -Miami Kendall-Tamia(TMY3)
% calculated from the excel file.
Jan = [0.024292537
0.019402962
0.017685977
0.017385118
0.018463873
0.025064225
0.040564596
0.052349972
0.050373147
0.044376479
0.042021689
0.040376135
0.038080889
0.036255717
0.035194132
0.037198472
0.045604072
0.061216885
0.072248885
0.071339065
0.066078228
0.059882071
0.04826689
0.036277984];
Feb = [0.024109389
0.019460376
0.017722837
0.01744312
0.018356633
0.024679216
0.038518849
0.048994501
0.046121668
0.040575638
0.038396958
0.036972469
0.035031852
0.034229492
0.034336659
0.038072273
0.044468031
0.058508594
0.073280321
0.077088139
0.073210239
0.066250443
0.053485112
0.040687194];

Mar = [0.025629122
0.020617152
0.01871113
0.018406745
0.019408623
0.026011088
0.039893298
0.049626965
0.046395403
0.042165728
0.040102768
0.038583721
0.036459897
0.034765123
0.036410608
0.040066922
0.047587466
0.053710538
0.064620786
0.069035764
0.075141762
0.066408488
0.052145607
0.038095295];

Apr = [0.019356961
0.016658414
0.015498761
0.016362382
0.021844904
0.033715113
0.043015305
0.040251588
0.037787445
0.039074245
0.039862118
0.039306823
0.040167674
0.041757953
0.046544219
0.051469192
0.063299257
0.065925264
0.066868808
0.070210807
0.067374803
0.054596757
0.041240492
0.027810714];

May = [0.02319094
0.020257511
0.018907696
0.01862827
0.022421274
0.031450279
0.037904399
0.037218236
0.037006883
0.041500814
0.04232749
0.044024463
0.046069041
0.050797184
0.057279132
0.060316663
0.058357551
0.058260898
0.057922925
0.060616359
0.060119353
0.050067361
0.038556646
0.026798632];

Jun = [0.02319094
0.020257511
0.018907696
0.01862827
0.022421274
0.031450279
0.037904399
0.037218236
0.037006883
0.041500814
0.04232749
0.044024463
0.046069041
0.050797184
0.057279132
0.060316663
0.058357551
0.058260898
0.057922925
0.060616359
0.060119353
0.050067361
0.038556646
0.026798632];

Jul = [0.027060247
0.023620832
0.021564883
0.021083606
0.023912953
0.031083981
0.038288822
0.03840785
0.039483838
0.045389375
0.045436319
0.046155996
0.049422234
0.055564287
0.055771251
0.049538203
0.052063004
0.054032069
0.053285459
0.055906817
0.056182475
0.048316835
0.039370638
0.029058025];

Aug = [0.03000378
0.025994811
0.025231862
0.022825916
0.023337865
0.026294665
0.0329922
0.031066607
0.032305377
0.039642072
0.039109678
0.041992585
0.044596559
0.048708051
0.051904636
0.056674766
0.065950152
0.061948549
0.060021803
0.061212759
0.058412843
0.048703153
0.039915419
0.031153891];

Sep = [0.022994374
0.020647776
0.019650794
0.019019718
0.022448593
0.03137909
0.038809569
0.037909299
0.037702249
0.04058984
0.041261695
0.043282328
0.044690482
0.046969208
0.04992376
0.053068776
0.062156964
0.063913398
0.063047643
0.063537768
0.06007046
0.049586401
0.038839631
0.028500186];

Oct = [0.02297396
0.018766277
0.016939631
0.017218666
0.02075358
0.032643063
0.041928981
0.041047013
0.038902118
0.0374729
0.038163009
0.040967908
0.042491171
0.042993498
0.046492739
0.05225587
0.064064426
0.068632887
0.07006368
0.068557668
0.061467023
0.050462368
0.038467195
0.026274371];

Nov = [0.026154004
0.02018427
0.017344344
0.016293205
0.016747612
0.022495098
0.034938437
0.046326522
0.044590524
0.039880461
0.036375284
0.036369733
0.035417811
0.034237012
0.035498878
0.040433235
0.050134907
0.065313079
0.078029609
0.075854545
0.071270103
0.064626137
0.052049458
0.03943573];

Dec = [0.023291631
0.017720493
0.016022061
0.015764463
0.016567995
0.022235151
0.034953408
0.04530614
0.043722408
0.038173318
0.03563368
0.035943862
0.035913038
0.038707393
0.041670242
0.045671504
0.054082905
0.067346564
0.077911425
0.073370236
0.068948545
0.062376158
0.050291529
0.038375851];











